        |    PC    |DEC| MEM |        REG        |    ALU   |
  instr | J R E NP | E | E W | R1 R2 RW W_REG WD | O2 FUNCT |
                  Memory Operation
 LW     |          | 1 | 1 0 | 01 00 10 00000 01 | 11 00001 |
 SW     |          | 1 | 1 1 | 01 10 00 00000 00 | 11 00001 |
-------------------------------------------------------------
                    ALU Operation
 ADDU   |          |   |     | 01 10 11 00000 10 | 01 00001 |
 ADDIU  |          | 1 |     | 01 00 10 00000 10 | 11 00001 |
 SUBU   |          |   |     | 01 10 11 00000 10 | 01 00011 |
 AND    |          |   |     | 01 10 11 00000 10 | 01 00100 |
 ANDI   |          | 0 |     | 01 00 10 00000 10 | 11 00100 |
 OR     |          |   |     | 01 10 11 00000 10 | 01 00101 |
 ORI    |          | 0 |     | 01 00 10 00000 10 | 11 00101 |
 XOR    |          |   |     | 01 10 11 00000 10 | 01 00110 |
 XORI   |          | 0 |     | 01 00 10 00000 10 | 11 00110 |
 NOR    |          |   |     | 01 10 11 00000 10 | 01 00111 |
 SLT    |          |   |     | 01 10 11 00000 10 | 01 01010 |
 SLTI   |          | 1 |     | 01 00 10 00000 10 | 11 01010 |
 SLTU   |          |   |     | 01 10 11 00000 10 | 01 01011 |
 SLTIU  |          | 1 |     | 01 00 10 00000 10 | 11 01011 |
 SLL    |          |   |     | 10 00 11 00000 10 | 10 01100 |
 SLLV   |          |   |     | 10 01 11 00000 10 | 01 01100 |
 SRL    |          |   |     | 10 00 11 00000 10 | 10 01101 |
 SRLV   |          |   |     | 10 01 11 00000 10 | 01 01101 |
 MULTU  |          |   |     | 01 10 00 00000 00 | 01 11001 |
 DIVU   |          |   |     | 01 10 00 00000 00 | 01 11011 |
 MFHI   |          |   |     | 00 00 11 00000 10 | 00 10000 |
 MFLO   |          |   |     | 00 00 11 00000 10 | 00 10010 |
-------------------------------------------------------------
                   Jump Operation
 J      | 1 0 1 10 |   |     | 00 00 00 00000 00 | 00 01000 |
 BEQ    | 1 1 0 01 | 1 |     | 01 10 00 00000 00 | 01 01001 |
 BLEZ   | 1 1 0 01 | 1 |     | 01 00 00 00000 00 | 00 01000 |
 JAL    | 1 0 1 10 |   |     | 00 00 00 11111 00 | 00 01000 |
 JR     | 1 0 0 00 |   |     | 00 01 00 00000 00 | 00 01000 |
